a=6.232338e-02
b=-2.891466e-02
c=1.279091e-02
Formula: Cd = a*Cl² + b*Cl + c
